Answer format (<time in miliseconds>,<answer>)
Alg order:
1. BFS | 2. A*_1 | 3. A*_2 | <- SEQ
4. BFS | 5. A*_1 | 6. A*_2 | <- OMP


[0]
 (126649;2) (47092;2) (67503;2)
 (2435918;2) (1792944;2) (772297;2)
[1]
 (88384;2) (57523;2) (70238;2)
 (604441;2) (821709;2) (880945;2)
[2]
 (94666;2) (50009;2) (56030;2)
 (508733;2) (879066;2) (819970;2)
[3]
 (60289;2) (41652;2) (57032;2)
 (469479;2) (762987;2) (936818;2)
[4]
 (245443;2) (52894;2) (53535;2)
 (744438;2) (1063560;2) (843279;2)
[5]
 (87803;2) (56290;2) (69987;2)
 (532697;2) (1343780;2) (1254669;2)
[6]
 (92281;2) (60939;2) (171026;2)
 (815903;2) (770233;2) (1232250;2)
[7]
 (95878;2) (50529;2) (59637;2)
 (763243;2) (924624;2) (1028695;2)
[8]
 (57333;2) (39788;2) (56812;2)
 (696698;2) (651266;2) (1132535;2)
[9]
 (109826;2) (54687;2) (52092;2)
 (877122;2) (918063;2) (981328;2)
[10]
 (717400;4) (75388;4) (90608;4)
 (2598487;4) (2591533;4) (2584048;4)
[11]
 (532416;4) (83774;4) (83684;4)
 (3083346;4) (2088395;4) (2298120;4)
[12]
 (463271;4) (89736;4) (89275;4)
 (2286698;4) (1985129;4) (2544104;4)
[13]
 (455605;4) (110377;4) (109916;4)
 (3194788;4) (2531206;4) (2246029;4)
[14]
 (307735;4) (119395;4) (98734;4)
 (1898196;4) (3162871;4) (4100578;4)
[15]
 (635158;4) (102672;4) (101610;4)
 (3175765;4) (4735270;4) (3185323;4)
[16]
 (846436;4) (106719;4) (146869;4)
 (2865371;4) (1832140;4) (2039047;4)
[17]
 (459884;4) (84526;4) (97932;4)
 (2186163;4) (2242245;4) (3058867;4)
[18]
 (433823;4) (96028;4) (95818;4)
 (2853600;4) (1987378;4) (2356279;4)
[19]
 (567005;4) (98835;4) (124885;4)
 (2925151;4) (4461872;4) (2580226;4)
[20]
 (12317998;8) (159393;8) (180736;8)
 (35938614;8) (4987256;8) (4330441;8)
[21]
 (16083555;8) (186165;8) (198040;8)
 (48138769;8) (6347274;8) (5595277;8)
[22]
 (11018765;8) (198139;8) (185064;8)
 (36481296;8) (4498541;8) (4332084;8)
[23]
 (13599441;8) (852546;8) (562966;8)
 (43053003;8) (6048147;8) (4925812;8)
[24]
 (13094187;8) (652813;8) (377642;8)
 (40950612;8) (8215776;8) (6212404;8)
[25]
 (16208135;8) (259640;8) (266274;8)
 (50620481;8) (5032349;8) (4650313;8)
[26]
 (16245741;8) (217478;8) (189172;8)
 (51732567;8) (4147034;8) (4139958;8)
[27]
 (13619166;8) (246645;8) (231495;8)
 (41475259;8) (4252767;8) (4229823;8)
[28]
 (18147828;8) (261274;8) (277405;8)
 (56350183;8) (5021411;8) (4160577;8)
[29]
 (11751659;8) (174743;8) (176347;8)
 (42137581;8) (3883160;8) (4362624;8)
[30]
 (15736777;8) (591122;8) (327784;8)
 (48883045;8) (5669718;8) (5312988;8)
[31]
 (234843906;12) (1825468;12) (537607;12)
 (650318211;12) (11770229;12) (8754826;12)
[32]
 (1289554928;14) (25161751;14) (2930379;14)
 (3516841386;14) (84718999;14) (22961958;14)
[33]
 (1321789788;14) (9603230;14) (830411;14)
 (3343999622;14) (164253392;14) (11059577;14)
[34]
 (5682674690;16) (34670118;16) (499461;16)
 (11808939285;16) (31803542;16) (9411331;16)
[35]
 (6422037568;16) (68395653;16) (5779530;16)
 (14116719564;16) (74193051;16) (20652956;16)
[36]
 (3251271459;16) (5740144;16) (311573;16)
 (7523679105;16) (36268852;16) (11929989;16)
[37]
 (5974736065;16)  (29239258;16) (350899;16)
 (12758895667;16) (488508915;16) (85447913;16)
[38]
 (7422382526;16)  (51770108;16) (4676467;16)
 (16516068899;16) (80193559;16) (31500937;16)
[39]
 (8570460926;16) (53069478;16) (934197;16)
 (17045517151;16) (96445607;16) (33687694;16)
[40]
 (144718623240;20) (1549083808;20) (4561343;20)
 (325025499932;20) (1055715104;20) (48285408;20)
